id;login;password_hash;first_name;last_name;email;activated;lang_key;created_by;profile_image_url
1;system;$2a$10$mE.qmcV0mFU5NcKh73TZx.z4ueI/.bDWbj0T1BYyqP481kGGarKLG;System;System;system@localhost;true;en;system;null
2;anonymousUser;$2a$10$j8S5d7Sr7.8VTOYNviDPOeWX8KcYILUVJBsYV83Y5NtECayypx9lO;Anonymous;User;anonymous@localhost;true;en;system;null
3;fatih;$2a$10$67GrQqjniQEA7UnJfpRN8uXakDv8JY5NsHLOGptM6.a3Kqun2EfzK;Fatih;Yelci;fyelci@gmail.com;true;en;system;https://s3.amazonaws.com/37assets/svn/1065-IMG_2529.jpg
4;erdem;$2a$10$67GrQqjniQEA7UnJfpRN8uXakDv8JY5NsHLOGptM6.a3Kqun2EfzK;Erdem;Çelik;erdem@gmail.com;true;en;system;https://upload.wikimedia.org/wikipedia/commons/1/13/Daniel_Ingram_Profile.png
5;ayse;$2a$10$67GrQqjniQEA7UnJfpRN8uXakDv8JY5NsHLOGptM6.a3Kqun2EfzK;Ayşe;Yılmaz;ayse@gmail.com;true;en;system;http://www.american.edu/uploads/profiles/large/Jane_Hall_profile.jpg
6;fatma;$2a$10$67GrQqjniQEA7UnJfpRN8uXakDv8JY5NsHLOGptM6.a3Kqun2EfzK;Fatma;Demir;fatma@gmail.com;true;en;system;https://pbs.twimg.com/profile_images/877902748/Profile_Photo.jpg
7;ali;$2a$10$67GrQqjniQEA7UnJfpRN8uXakDv8JY5NsHLOGptM6.a3Kqun2EfzK;Ali;Türkoğlu;ali@gmail.com;true;en;system;http://nfs3.xuqa.com/IMG//B_PROFILE/p112/PROF_PIC_946352190288525112.JPG
8;kerem;$2a$10$67GrQqjniQEA7UnJfpRN8uXakDv8JY5NsHLOGptM6.a3Kqun2EfzK;Kerem;Türkcan;kerem@gmail.com;true;en;system;http://blogs.msdn.com/cfs-file.ashx/__key/CommunityServer-Blogs-Components-WeblogFiles/00-00-01-41-93-metablogapi/5850.Profile_5F00_45EFF67B.jpg
9;leyla;$2a$10$67GrQqjniQEA7UnJfpRN8uXakDv8JY5NsHLOGptM6.a3Kqun2EfzK;Leyla;Arı;leyla@gmailgmail.com;true;en;system;http://thebestdecor.com/images/476874-profile-picture-girls-photos-for-facebook-profile-profile-images.jpg
10;hafize;$2a$10$67GrQqjniQEA7UnJfpRN8uXakDv8JY5NsHLOGptM6.a3Kqun2EfzK;Hafize;Demir;hafize@mailgmail.com;true;en;system;http://abook.org/wp-content/plugins/wp-o-matic/cache/af3f044c7f_facebook-profile-photo-for-girls--2528105-2529.jpg
11;meric;$2a$10$67GrQqjniQEA7UnJfpRN8uXakDv8JY5NsHLOGptM6.a3Kqun2EfzK;Meriç;Erdoğan;meric@mail.com;true;en;system;https://upload.wikimedia.org/wikipedia/en/thumb/f/fd/John_D'Agostino_profile.jpg/320px-John_D'Agostino_profile.jpg
12;darth;$2a$10$67GrQqjniQEA7UnJfpRN8uXakDv8JY5NsHLOGptM6.a3Kqun2EfzK;Darth;Vader;darth@mail.com;true;en;system;http://coolspotters.com/files/photos/227336/darth-vader-profile.jpg
13;anakin;$2a$10$67GrQqjniQEA7UnJfpRN8uXakDv8JY5NsHLOGptM6.a3Kqun2EfzK;Anakin;Skywalker;anakin@mail.com;true;en;system;https://quintessentialldr.files.wordpress.com/2012/12/anakin-skywalker-before-darth-vader.jpg
